Coefficients: [10725.38664063]
Intercept: 20481.695768677237
