Coefficients: [10294.87962369]
Intercept: 22579.469007588457
